732 -4138
3718 -2147
-4128 4924
-2418 -4048
2535 1357
2492 -4723
305 3106
4219 -681
-2003 -3710
-4530 -3858
867 -1346
-3954 -4843
-4684 3356
2314 2843
1913 301
-1533 -2893
-554 -972
-4473 3493
2121 -2713
-631 4710
-2496 -3036
-4796 -3239
-1160 -4156
-203 -22
-4264 -1019
4396 -3172
-1376 -3806
-4805 1385
-4841 371
2148 1792
2084 -235
142 -4123
-1467 -3927
775 -1617
-1096 2831
2446 -268
2904 -2012
988 543
2667 4751
562 -2956
-2362 -1075
2348 -1868
2478 3862
-2013 -3984
-4809 -3213
4280 4500
-2867 4021
-4880 -3427
-1140 1085
-997 3518
-4624 2184
-3763 -2829
-3972 3706
-4217 944
3932 -2128
-2019 3639
-3582 -1377
-1549 510
3742 4275
-2956 4228
-3591 -3190
-2594 -1667
-4467 2558
-3206 -2554
-3656 -3348
3638 -2317
-4879 1483
-3186 -3878
-2409 -1232
-46 -3557
-2088 -290
-4820 1451
3223 2233
-3211 2572
-3487 -44
-2832 -1355
-2631 3498
-2383 -2087
-2408 -3298
-4302 4643
-3482 -4590
2030 -604
-4398 2082
-4167 -507
186 -1915
-2087 -1698
1018 -1634
-1247 -1003
1513 3583
1723 -3820
35 2875
-219 2879
-158 -4653
-986 3110
-3925 -1886
-1410 1236
4368 -1833
-1762 -1302
-1428 -850
870 2256
4570 -1023
-3297 -1620
-3919 -411
-554 1197
-416 -2079
2184 -4057
-2743 -4724
3226 -805
4182 636
3248 -811
1399 -4254
-2168 -2735
-3637 -3463
2774 1831
-2275 -1478
-931 4032
4767 2792
4096 -3229
-1771 4322
-895 -3771
-2976 -93
-694 -3336
-4455 -452
4794 -4953
1949 657
-3764 -2659
-2073 869
-1594 -785
-3454 710
-1596 -4452
-4944 -1106
-585 -3417
2117 -26
-1966 156
641 -1059
-787 -1442
-2557 1870
2994 1892
886 -3054
333 1863
-3037 4345
4226 4896
-2113 1976
-3885 -3158
2077 -3113
843 -3136
-4918 4748
-4398 -1213
-142 2746
-2474 -850
-1126 2568
-2570 4053
-1916 -2420
-2616 -2113
-2256 -4903
-1416 -4875
4580 -1608
-3631 3768
-1944 -4986
-1997 681
3976 -4003
-1540 -3383
3035 557
4652 -3273
-1679 4594
4053 -796
1878 1160
-1744 -1738
-1759 -44
-1978 715
1571 -4803
4502 -2488
-2173 -99
-4398 -3351
-4589 -1919
-494 2088
-1689 -1874
-2029 -4917
-4152 -2779
-1289 2328
-4093 -1407
4629 -1831
-3660 901
4665 -963
-1716 2410
-1647 655
4073 3221
-1125 -4787
-2085 -4932
2300 1687
2978 3997
-3076 -2661
-4790 273
-4449 -1919
-1564 -2834
967 -4744
-4811 -4838
3893 -679
-2621 -1395
-2241 4477
-2270 2202
640 -1488
-2127 633
-2704 848
-2806 -1136
-3244 3534
-4852 -870
539 -397
2762 -2771
-1565 -2080
849 3205
4915 4163
765 433
1874 2174
-4093 -95
-3620 -4548
3697 -2681
-2739 -690
2088 -4988
-1410 -2322
-606 -1060
-3331 -1943
1110 -2414
3006 -2315
-1866 1054
3884 -4420
-4876 -4345
-905 -2246
1799 2533
-2759 -3314
-2775 -2805
-1005 -2395
-1250 -1457
-2364 1257
-4305 -930
-1889 -4895
-367 -4914
-1707 511
-2685 -162
-1779 4229
4160 -245
4819 -3760
3784 -730
-4013 4133
-3517 -511
-9 510
464 3664
1226 -3216
707 1479
-3333 -266
2534 -3550
-4151 -1857
-839 -1816
-1291 280
-53 -4533
-1676 3365
-2681 1412
-3029 4895
4226 -59
971 -2219
-2212 -3585
-3483 -4838
-852 3733
-3429 -1453
-50 -640
-2205 -472
-411 -252
-2330 -3669
169 -3832
-1748 2440
4786 -4820
2591 -1208
-2426 3735
-383 -2893
-4942 4184
2486 3438
-3286 633
-4337 -4807
1054 -4183
-4068 3959
-4737 -886
-3133 -1111
-3283 386
-4476 2342
441 -1064
-3180 3378
-2799 -2266
1126 -3378
4374 4258
4115 3094
-2127 -4662
-1044 -2552
4593 -4513
4104 3340
2099 -1611
1529 1105
4110 -14
427 -3092
-1282 2985
-4698 -994
-3852 -3914
-1935 -4995
-713 900
-502 3782
2081 -2177
-4888 -471
602 -2736
-64 -4774
-3672 4095
4779 -2281
-2902 2956
1297 -3081
452 -2149
2219 -3794
1278 3104
-4992 -1331
4644 732
-360 614
-1075 -2406
-4603 3514
-3607 1784
519 -2747
-307 171
2853 -2227
-719 4446
-1207 -2058
-3613 3079
3464 4545
-1064 -3069
1416 -3557
-601 -24
-2930 -4958
-2279 -65
171 743
-4754 -4155
-2177 -2664
2364 -2115
3326 174
-765 -3419
-1976 -549
-178 -2833
-2303 4276
-2442 1407
-4954 1358
4220 172
-3590 -3665
-1007 -288
-4172 855
-1304 988
3149 250
-2730 2631
2884 4181
-1949 3494
1657 829
-1821 -675
-582 3518
1582 -4374
4039 4594
-641 -2185
-323 -668
-158 2812
-3089 -1835
-1582 -1786
-1241 -2490
1515 -3459
-4761 -3628
4110 -1904
2960 -4292
1245 -781
-691 -3507
1119 2808
-4681 4179
-365 -248
4916 1112
839 -4736
3215 2943
-2168 1211
-1622 2846
2944 -4018
-1591 3402
-3876 -1329
-2284 728
-1251 4247
-153 -2139
4863 -276
3664 -4380
4894 3117
-4686 3864
-765 970
2785 -1691
1224 -441
-2873 3434
-424 -868
-1289 -4918
-4865 -1181
705 2956
-3079 -3089
2200 1530
-4341 4466
3147 2452
-2097 1567
3708 -3012
-4287 -430
-1009 3776
-1265 -1418
-923 -1494
-920 3376
-1183 994
2393 -4594
-621 -3935
-599 -4246
-2602 -1380
-992 -281
340 3678
-2143 1365
2145 -2444
1614 -1146
2061 -2544
2262 -4809
1214 2593
901 371
1397 -3805
2970 -1847
-4764 -1195
4095 59
-2366 2878
2444 746
-4439 -2270
1212 -2276
2642 -273
-1262 -2915
3001 3911
-1427 3393
-2420 -3827
4566 -919
2177 269
-2173 -1401
-3092 -660
3515 2117
4075 1113
2543 -4946
-1449 -582
3492 -2733
-1749 -326
3966 -2374
-1366 -4742
1158 1817
-2501 -2377
-3378 -2257
-199 -1561
-1428 2391
-4205 3273
2925 4224
2154 -1880
3574 -3012
-2449 3695
-1187 3034
-2097 -2060
2909 146
-2774 -607
3602 -3387
988 -305
-3626 -2330
-3146 1861
-1425 -2596
4681 -1015
-4108 -1946
-704 -4265
-3074 -2267
-2382 2436
-672 2857
-371 4738
2089 729
-1370 -3962
-4680 1005
-3855 -4374
484 -1015
73 2999
-2495 -867
4492 -744
4026 1407
3623 -3631
-3129 -2519
-77 -3200
-1654 2184
-3561 -2276
-1717 -3111
-1979 2279
-684 3970
3745 -4846
3964 3771
1204 1039
-4120 1173
1889 4291
-4137 -2727
-872 1086
-3979 1822
916 2408
-2720 1848
-1543 4643
4663 -930
-2993 -4612
-4777 2434
-3582 -1167
-2143 4241
-2098 -4228
-4195 -3416
-2377 758
4754 4171
-54 -369
-619 4891
-1496 -3507
-63 1582
-1820 -2379
-2877 4001
-3603 2038
2272 -3845
786 4777
-4407 -2183
336 -4249
-465 -1314
-2447 2382
-3146 2367
-82 3134
2135 4316
4823 -1557
306 -491
-1528 -1874
-186 2801
2204 -62
-3987 -4383
-878 2653
-4949 -3005
2919 -654
4931 4906
-4932 -71
3611 -4681
-3750 -2458
-1101 -573
4202 1156
1801 2188
-4797 2868
3930 -1914
-4190 -1793
-1881 2285
3464 4355
-3543 -1661
482 -1372
-26 3462
4436 -3400
1459 2510
-3104 -1255
-442 -1722
-4155 3867
-2567 -3269
343 -708
-3550 -3288
-3342 -2513
406 716
-3421 -4306
1998 -3948
2394 865
-4188 -3592
-3132 -3270
2044 1108
-406 -3665
-1961 4320
1543 -339
4771 -4024
-1489 -285
2813 -2332
-1587 3554
2953 -2994
2318 2777
-2995 -3870
4209 -4346
-4575 -843
4449 4161
-4671 -1652
4728 576
-3541 596
3360 -1759
-1554 83
-3580 4935
1481 977
-4140 -693
-1050 -4389
3132 -4546
-4518 -1015
-503 -3974
-332 3580
-85 2100
-2615 3479
-2478 1577
-1188 -3620
-4834 -3822
4755 -952
3095 -3029
3913 -2996
3637 2121
-3959 -569
-1297 3670
3572 -3997
2836 -1767
-610 -1331
-1112 -3478
-1863 -321
862 478
-1970 4091
2791 4532
4055 -1732
-3469 -2788
-2689 1125
2413 168
-299 918
-4020 -1723
-4003 2050
-875 3380
4348 -1687
4648 -86
2543 -4330
4930 -2700
-4493 -4857
-3889 -3730
-84 -3026
-4119 3558
-4643 3506
3855 -2174
979 3759
-1713 -3035
1532 -2886
-4959 -2498
-2625 -2977
735 2051
-585 -4784
-244 2643
2851 -1200
-2555 -3452
1357 -4425
672 -2581
-1017 4322
-1603 4636
-349 167
-1171 -3415
-1429 658
-3028 -530
-4463 296
-224 -3962
-4683 -3242
-952 -3072
-1269 4979
-4893 -2914
-2016 2402
-1311 -251
-1793 -4653
3248 3627
2093 -1629
-854 -985
1304 -1129
-4156 -1228
-4987 -1483
3869 4449
2345 4735
1396 4351
-1182 -2945
-2898 -3950
-3789 2197
-1124 246
4084 -154
2737 1180
-1270 -3888
-1453 4959
3589 -505
-3517 -633
3233 -4180
-2600 4817
-2506 -4668
101 4445
-1454 -1839
3255 -3292
-927 -3610
-4378 -706
4900 -3586
1096 -1916
-794 -949
-45 -4699
-4695 559
347 934
4636 -2937
4259 -2808
3404 -2123
89 -3529
3589 -1450
-2682 4969
-257 -3149
-925 2902
-249 -129
-3051 -2534
-2055 -2725
-3108 4880
-2423 4376
-328 421
2778 1461
3134 -3165
406 -3232
-3724 -795
2317 -1619
-4820 1642
-759 -890
4791 -745
4839 341
-2202 2241
744 -1459
-4841 -3032
970 2610
-4236 1062
-1613 2373
-2269 3661
-3792 3207
4234 -3893
2271 1556
-2509 -3333
4839 -4695
-669 -1646
-1182 3814
2809 3561
1460 698
-3113 -4657
3728 -2986
761 3859
3425 -334
4699 -1266
2562 2097
3888 -4239
-2864 1360
-963 -4653
-4651 -176
-2985 -1946
-2894 292
-1448 -4498
997 467
-4587 422
-4835 4016
424 -4026
-405 4819
-2775 4556
-895 -413
-1991 1271
-4544 -3273
-918 -3775
1524 3141
-4956 952
-4022 3840
3373 463
3672 -2125
2057 -946
-857 -3558
82 -4907
-4497 -3452
2778 -2527
-3756 -2818
-3894 -3853
-3952 3994
3218 -3978
-1333 -3743
1970 4402
-2209 -4298
